[0/1] C:\WINDOWS\system32\cmd.exe /C "cd /D C:\Users\leona\OneDrive\SoSe25\BA\PCB\flex_firmware\build && C:\Users\leona\.espressif\tools\cmake\3.30.2\bin\cmake.exe -D IDF_SIZE_TOOL=C:/Users/leona/.espressif/python_env/idf5.4_py3.11_env/Scripts/python.exe;-m;esp_idf_size -D IDF_SIZE_MODE=--archives -D MAP_FILE=C:/Users/leona/OneDrive/SoSe25/BA/PCB/flex_firmware/build/flex_firmware.map -D OUTPUT_JSON= -P C:/Users/leona/esp_container/v5.4.1/esp-idf/tools/cmake/run_size_tool.cmake"
                                                                                  Per-archive contributions to ELF file                                                                                   
+--------------------------------------------------------------------------------------------------------------------------------------------------------------------------------------------------------+
| Archive File                    | Total Size | IRAM | .text | .vectors | DIRAM | .bss | .data | .text | Flash Code |  .text | Flash Data | .rodata | .appdesc | RTC FAST | .rtc_reserved | .force_fast |
|---------------------------------+------------+------+-------+----------+-------+------+-------+-------+------------+--------+------------+---------+----------+----------+---------------+-------------|
| libnet80211.a                   |     135828 |    0 |     0 |        0 | 12607 | 7586 |  1158 |  3863 |     107724 | 107724 |      15497 |   15497 |        0 |        0 |             0 |           0 |
| liblwip.a                       |      87585 |    0 |     0 |        0 |  2482 | 2470 |    12 |     0 |      81531 |  81531 |       3572 |    3572 |        0 |        0 |             0 |           0 |
| libwpa_supplicant.a             |      64300 |    0 |     0 |        0 |  1329 | 1321 |     8 |     0 |      61351 |  61351 |       1620 |    1620 |        0 |        0 |             0 |           0 |
| libmbedcrypto.a                 |      62780 |   16 |    16 |        0 |   432 |  252 |   116 |    64 |      56243 |  56243 |       6089 |    6089 |        0 |        0 |             0 |           0 |
| libesp_app_format.a             |      61747 |    0 |     0 |        0 |    10 |   10 |     0 |     0 |        435 |    435 |      61302 |   61046 |      256 |        0 |             0 |           0 |
| libpp.a                         |      60552 |    0 |     0 |        0 | 17373 | 1177 |  2624 | 13572 |      39226 |  39226 |       3953 |    3953 |        0 |        0 |             0 |           0 |
| libc.a                          |      58790 |    0 |     0 |        0 |   584 |  320 |   264 |     0 |      54529 |  54529 |       3677 |    3677 |        0 |        0 |             0 |           0 |
| libphy.a                        |      35449 |    0 |     0 |        0 |  8402 |   86 |  3263 |  5053 |      27047 |  27047 |          0 |       0 |        0 |        0 |             0 |           0 |
| libesp_hw_support.a             |      33697 | 2094 |  2094 |        0 |  6671 |  147 |   532 |  5992 |      23298 |  23298 |       1582 |    1582 |        0 |       52 |            24 |          28 |
| libfreertos.a                   |      22044 | 1004 |  1004 |        0 | 18823 |  757 |  3100 | 14966 |        833 |    833 |       1384 |    1384 |        0 |        0 |             0 |           0 |
| libhal.a                        |      18792 |  548 |   548 |        0 | 10920 |    4 |  2651 |  8265 |       7226 |   7226 |         98 |      98 |        0 |        0 |             0 |           0 |
| libesp_system.a                 |      15220 | 3958 |  3958 |        0 |  1194 |  301 |   480 |   413 |       9397 |   9397 |        671 |     671 |        0 |        0 |             0 |           0 |
| libspi_flash.a                  |      14834 |  879 |   879 |        0 | 12324 |   32 |  2140 | 10152 |       1186 |   1186 |        445 |     445 |        0 |        0 |             0 |           0 |
| libnvs_flash.a                  |      14424 |    0 |     0 |        0 |    28 |   28 |     0 |     0 |      14144 |  14144 |        252 |     252 |        0 |        0 |             0 |           0 |
| libheap.a                       |      11493 | 1847 |  1847 |        0 |  5492 |    8 |     4 |  5480 |       3208 |   3208 |        946 |     946 |        0 |        0 |             0 |           0 |
| libesp_driver_i2s.a             |       8369 |    0 |     0 |        0 |   298 |    0 |    24 |   274 |       7715 |   7715 |        356 |     356 |        0 |        0 |             0 |           0 |
| libesp_driver_uart.a            |       7469 |    0 |     0 |        0 |   240 |   32 |   208 |     0 |       6669 |   6669 |        560 |     560 |        0 |        0 |             0 |           0 |
| libesp_netif.a                  |       6134 |    0 |     0 |        0 |    33 |   29 |     4 |     0 |       5938 |   5938 |        163 |     163 |        0 |        0 |             0 |           0 |
| libesp_driver_gpio.a            |       5871 |    0 |     0 |        0 |    36 |    0 |    36 |     0 |       5267 |   5267 |        568 |     568 |        0 |        0 |             0 |           0 |
| libvfs.a                        |       5247 |    0 |     0 |        0 |   236 |   44 |   192 |     0 |       4853 |   4853 |        158 |     158 |        0 |        0 |             0 |           0 |
| libesp_wifi.a                   |       4332 |   20 |    20 |        0 |   848 |   43 |   476 |   329 |       3422 |   3422 |         42 |      42 |        0 |        0 |             0 |           0 |
| libxtensa.a                     |       3706 | 2028 |  1604 |      424 |  1513 |    0 |  1060 |   453 |        117 |    117 |         48 |      48 |        0 |        0 |             0 |           0 |
| libesp_event.a                  |       3546 |    0 |     0 |        0 |     4 |    4 |     0 |     0 |       3401 |   3401 |        141 |     141 |        0 |        0 |             0 |           0 |
| libnewlib.a                     |       3516 |  992 |   992 |        0 |  1111 |  200 |   172 |   739 |       1302 |   1302 |        111 |     111 |        0 |        0 |             0 |           0 |
| libesp_mm.a                     |       3251 |  573 |   573 |        0 |   138 |   44 |    28 |    66 |       2374 |   2374 |        166 |     166 |        0 |        0 |             0 |           0 |
| libesp_phy.a                    |       2991 |  100 |   100 |        0 |   195 |   43 |     9 |   143 |       2412 |   2412 |        284 |     284 |        0 |        0 |             0 |           0 |
| libesp_timer.a                  |       2915 |  287 |   287 |        0 |   960 |   36 |    32 |   892 |       1556 |   1556 |        112 |     112 |        0 |        0 |             0 |           0 |
| libsoc.a                        |       2254 |    0 |     0 |        0 |   100 |    0 |   100 |     0 |         28 |     28 |       2126 |    2126 |        0 |        0 |             0 |           0 |
| libesp_driver_usb_serial_jtag.a |       2184 |  118 |   118 |        0 |    73 |   17 |    56 |     0 |       1841 |   1841 |        152 |     152 |        0 |        0 |             0 |           0 |
| libesp_partition.a              |       1937 |    0 |     0 |        0 |     8 |    8 |     0 |     0 |       1761 |   1761 |        168 |     168 |        0 |        0 |             0 |           0 |
| libmain.a                       |       1841 |    0 |     0 |        0 |     9 |    9 |     0 |     0 |       1664 |   1664 |        168 |     168 |        0 |        0 |             0 |           0 |
| libesp_common.a                 |       1809 |    0 |     0 |        0 |     0 |    0 |     0 |     0 |         51 |     51 |       1758 |    1758 |        0 |        0 |             0 |           0 |
| liblog.a                        |       1679 |   12 |    12 |        0 |   541 |  272 |     8 |   261 |       1078 |   1078 |         48 |      48 |        0 |        0 |             0 |           0 |
| libefuse.a                      |       1487 |    0 |     0 |        0 |    40 |    4 |    36 |     0 |       1222 |   1222 |        225 |     225 |        0 |        0 |             0 |           0 |
| libstdc++.a                     |       1477 |    0 |     0 |        0 |    21 |   17 |     4 |     0 |       1257 |   1257 |        199 |     199 |        0 |        0 |             0 |           0 |
| libesp_ringbuf.a                |       1429 |   76 |    76 |        0 |  1188 |    0 |     0 |  1188 |          0 |      0 |        165 |     165 |        0 |        0 |             0 |           0 |
| libbootloader_support.a         |       1101 | 1027 |  1027 |        0 |     0 |    0 |     0 |     0 |         34 |     34 |         40 |      40 |        0 |        0 |             0 |           0 |
| libesp_vfs_console.a            |        638 |    0 |     0 |        0 |    16 |   16 |     0 |     0 |        442 |    442 |        180 |     180 |        0 |        0 |             0 |           0 |
| libpthread.a                    |        560 |    0 |     0 |        0 |    12 |    4 |     8 |     0 |        502 |    502 |         46 |      46 |        0 |        0 |             0 |           0 |
| libesp_rom.a                    |        536 |   68 |    68 |        0 |   398 |    0 |     4 |   394 |         70 |     70 |          0 |       0 |        0 |        0 |             0 |           0 |
| libxt_hal.a                     |        437 |    0 |     0 |        0 |   405 |    0 |     0 |   405 |          0 |      0 |         32 |      32 |        0 |        0 |             0 |           0 |
| libesp_coex.a                   |        318 |    0 |     0 |        0 |   118 |    0 |     0 |   118 |        200 |    200 |          0 |       0 |        0 |        0 |             0 |           0 |
| libcore.a                       |        278 |    0 |     0 |        0 |     9 |    9 |     0 |     0 |        226 |    226 |         43 |      43 |        0 |        0 |             0 |           0 |
| libapp_update.a                 |        186 |    0 |     0 |        0 |     4 |    4 |     0 |     0 |        152 |    152 |         30 |      30 |        0 |        0 |             0 |           0 |
| libesp_security.a               |         92 |    0 |     0 |        0 |     8 |    8 |     0 |     0 |         76 |     76 |          8 |       8 |        0 |        0 |             0 |           0 |
| libcxx.a                        |         52 |    0 |     0 |        0 |     0 |    0 |     0 |     0 |         52 |     52 |          0 |       0 |        0 |        0 |             0 |           0 |
| libnvs_sec_provider.a           |          5 |    0 |     0 |        0 |     0 |    0 |     0 |     0 |          5 |      5 |          0 |       0 |        0 |        0 |             0 |           0 |
| (exe)                           |          3 |    3 |     0 |        3 |     0 |    0 |     0 |     0 |          0 |      0 |          0 |       0 |        0 |        0 |             0 |           0 |
+--------------------------------------------------------------------------------------------------------------------------------------------------------------------------------------------------------+
